3
0 88 5 
88 0 75 
5 75 0 
4
0 59 33 50 
59 0 2 50 
33 2 0 12 
50 50 12 0 
5
0 49 86 18 6 
49 0 14 63 65 
86 14 0 30 66 
18 63 30 0 51 
6 65 66 51 0 
6
0 20 50 55 71 53 
20 0 54 54 79 33 
50 54 0 96 13 75 
55 54 96 0 91 66 
71 79 13 91 0 25 
53 33 75 66 25 0 
7
0 61 35 88 80 51 26 
61 0 81 54 91 82 99 
35 81 0 66 29 55 89 
88 54 66 0 1 41 21 
80 91 29 1 0 11 6 
51 82 55 41 11 0 24 
26 99 89 21 6 24 0 
8
0 19 99 28 85 61 79 40 
19 0 60 49 28 54 88 10 
99 60 0 73 65 40 84 50 
28 49 73 0 82 51 73 9 
85 28 65 82 0 6 68 13 
61 54 40 51 6 0 16 36 
79 88 84 73 68 16 0 59 
40 10 50 9 13 36 59 0 
9
0 63 38 39 53 82 98 26 66 
63 0 2 71 27 40 74 33 35 
38 2 0 33 82 36 26 12 66 
39 71 33 0 1 23 83 69 86 
53 27 82 1 0 78 29 94 74 
82 40 36 23 78 0 57 30 4 
98 74 26 83 29 57 0 5 51 
26 33 12 69 94 30 5 0 41 
66 35 66 86 74 4 51 41 0 
10
0 60 18 11 74 61 48 92 41 14 
60 0 16 57 13 99 69 49 83 98 
18 16 0 7 41 64 6 96 48 10 
11 57 7 0 54 8 37 6 77 9 
74 13 41 54 0 33 57 60 19 7 
61 99 64 8 33 0 5 35 63 4 
48 69 6 37 57 5 0 85 63 73 
92 49 96 6 60 35 85 0 87 37 
41 83 48 77 19 63 63 87 0 12 
14 98 10 9 7 4 73 37 12 0 
11
0 45 99 54 3 91 42 87 38 19 62 
45 0 29 34 55 5 81 98 9 50 9 
99 29 0 55 8 69 66 86 79 35 1 
54 34 55 0 22 16 43 92 56 53 51 
3 55 8 22 0 86 28 72 24 9 59 
91 5 69 16 86 0 8 60 68 24 15 
42 81 66 43 28 8 0 8 75 92 44 
87 98 86 92 72 60 8 0 59 7 75 
38 9 79 56 24 68 75 59 0 57 17 
19 50 35 53 9 24 92 7 57 0 62 
62 9 1 51 59 15 44 75 17 62 0 
12
0 24 31 41 5 21 73 53 69 97 83 94 
24 0 26 69 35 53 21 34 45 17 69 65 
31 26 0 94 64 72 83 15 64 40 67 80 
41 69 94 0 19 58 1 87 39 90 98 20 
5 35 64 19 0 54 63 35 65 8 8 59 
21 53 72 58 54 0 28 85 30 41 28 28 
73 21 83 1 63 28 0 28 93 6 18 27 
53 34 15 87 35 85 28 0 66 2 100 23 
69 45 64 39 65 30 93 66 0 90 94 86 
97 17 40 90 8 41 6 2 90 0 26 100 
83 69 67 98 8 28 18 100 94 26 0 85 
94 65 80 20 59 28 27 23 86 100 85 0 
13
0 40 12 51 19 21 50 42 13 32 12 22 22 
40 0 82 42 34 92 56 91 48 48 68 77 34 
12 82 0 43 24 77 73 17 100 47 69 41 84 
51 42 43 0 1 4 80 37 91 55 16 69 67 
19 34 24 1 0 42 5 49 46 76 30 44 95 
21 92 77 4 42 0 13 3 90 62 54 52 62 
50 56 73 80 5 13 0 20 70 18 37 81 45 
42 91 17 37 49 3 20 0 58 38 84 9 57 
13 48 100 91 46 90 70 58 0 54 88 3 13 
32 48 47 55 76 62 18 38 54 0 53 82 1 
12 68 69 16 30 54 37 84 88 53 0 63 60 
22 77 41 69 44 52 81 9 3 82 63 0 28 
22 34 84 67 95 62 45 57 13 1 60 28 0 
14
0 86 7 98 6 82 60 78 86 20 2 75 10 51 
86 0 75 60 39 36 95 32 52 24 82 76 16 70 
7 75 0 93 22 12 63 20 45 48 61 40 98 38 
98 60 93 0 26 33 72 20 26 29 17 47 33 27 
6 39 22 26 0 13 23 3 26 96 78 1 18 78 
82 36 12 33 13 0 58 85 93 42 79 64 16 53 
60 95 63 72 23 58 0 13 18 54 1 8 4 35 
78 32 20 20 3 85 13 0 82 67 30 50 26 95 
86 52 45 26 26 93 18 82 0 33 87 8 84 7 
20 24 48 29 96 42 54 67 33 0 92 15 15 81 
2 82 61 17 78 79 1 30 87 92 0 77 81 78 
75 76 40 47 1 64 8 50 8 15 77 0 19 23 
10 16 98 33 18 16 4 26 84 15 81 19 0 19 
51 70 38 27 78 53 35 95 7 81 78 23 19 0 
15
0 56 1 98 23 29 8 25 16 43 17 54 16 1 86 
56 0 12 81 74 3 97 56 85 83 56 45 36 67 11 
1 12 0 85 53 84 30 76 95 92 25 43 28 87 28 
98 81 85 0 80 97 44 77 17 3 15 17 68 50 31 
23 74 53 80 0 84 68 90 42 8 57 26 39 91 57 
29 3 84 97 84 0 73 21 37 66 21 32 27 47 16 
8 97 30 44 68 73 0 91 47 50 79 5 63 10 51 
25 56 76 77 90 21 91 0 83 57 86 25 80 14 44 
16 85 95 17 42 37 47 83 0 100 75 96 78 88 92 
43 83 92 3 8 66 50 57 100 0 90 57 47 78 74 
17 56 25 15 57 21 79 86 75 90 0 77 26 98 30 
54 45 43 17 26 32 5 25 96 57 77 0 86 75 72 
16 36 28 68 39 27 63 80 78 47 26 86 0 62 12 
1 67 87 50 91 47 10 14 88 78 98 75 62 0 29 
86 11 28 31 57 16 51 44 92 74 30 72 12 29 0 
16
0 36 94 4 3 65 61 11 23 26 97 17 73 25 4 9 
36 0 82 63 2 87 9 44 24 13 41 78 20 25 21 2 
94 82 0 23 31 70 13 69 49 62 50 14 4 24 70 54 
4 63 23 0 40 50 1 96 21 55 80 94 67 10 74 51 
3 2 31 40 0 99 9 90 42 5 85 44 36 94 50 70 
65 87 70 50 99 0 65 54 62 62 98 80 40 69 8 36 
61 9 13 1 9 65 0 92 52 100 60 14 24 85 10 30 
11 44 69 96 90 54 92 0 49 45 14 12 88 7 1 84 
23 24 49 21 42 62 52 49 0 23 26 83 72 97 6 22 
26 13 62 55 5 62 100 45 23 0 25 20 46 41 24 69 
97 41 50 80 85 98 60 14 26 25 0 21 38 58 9 17 
17 78 14 94 44 80 14 12 83 20 21 0 51 9 41 79 
73 20 4 67 36 40 24 88 72 46 38 51 0 88 29 3 
25 25 24 10 94 69 85 7 97 41 58 9 88 0 32 62 
4 21 70 74 50 8 10 1 6 24 9 41 29 32 0 77 
9 2 54 51 70 36 30 84 22 69 17 79 3 62 77 0 
17
0 18 90 57 26 77 95 67 1 70 50 91 43 40 82 44 98 
18 0 45 100 76 95 78 80 80 21 52 71 50 13 63 5 39 
90 45 0 18 62 93 43 57 36 39 83 49 52 53 19 40 78 
57 100 18 0 55 62 47 100 73 63 87 10 91 64 17 50 46 
26 76 62 55 0 61 93 97 19 23 85 86 66 37 82 65 96 
77 95 93 62 61 0 75 12 20 17 31 20 70 58 10 66 63 
95 78 43 47 93 75 0 50 98 13 25 95 61 38 15 59 7 
67 80 57 100 97 12 50 0 88 51 91 10 64 11 54 27 97 
1 80 36 73 19 20 98 88 0 40 4 66 32 51 31 5 17 
70 21 39 63 23 17 13 51 40 0 78 37 67 74 80 66 70 
50 52 83 87 85 31 25 91 4 78 0 12 53 85 22 45 72 
91 71 49 10 86 20 95 10 66 37 12 0 64 96 86 46 64 
43 50 52 91 66 70 61 64 32 67 53 64 0 69 77 93 91 
40 13 53 64 37 58 38 11 51 74 85 96 69 0 69 39 72 
82 63 19 17 82 10 15 54 31 80 22 86 77 69 0 89 5 
44 5 40 50 65 66 59 27 5 66 45 46 93 39 89 0 30 
98 39 78 46 96 63 7 97 17 70 72 64 91 72 5 30 0 
18
0 60 47 51 82 2 17 48 77 27 37 66 40 47 17 65 95 95 
60 0 46 71 62 2 63 58 58 4 75 75 79 57 80 3 26 5 
47 46 0 27 3 99 98 20 34 74 79 77 47 26 83 36 11 97 
51 71 27 0 82 54 12 78 52 42 83 37 66 86 85 45 75 41 
82 62 3 82 0 83 40 68 41 14 10 16 56 83 74 40 8 46 
2 2 99 54 83 0 29 74 79 99 46 44 70 64 96 5 31 78 
17 63 98 12 40 29 0 60 42 40 79 47 42 23 29 85 39 1 
48 58 20 78 68 74 60 0 49 39 23 19 23 41 24 5 87 43 
77 58 34 52 41 79 42 49 0 35 12 35 17 87 66 10 85 70 
27 4 74 42 14 99 40 39 35 0 65 9 11 25 44 21 73 42 
37 75 79 83 10 46 79 23 12 65 0 19 39 2 50 73 44 84 
66 75 77 37 16 44 47 19 35 9 19 0 42 84 34 90 60 13 
40 79 47 66 56 70 42 23 17 11 39 42 0 96 51 12 60 65 
47 57 26 86 83 64 23 41 87 25 2 84 96 0 6 17 93 67 
17 80 83 85 74 96 29 24 66 44 50 34 51 6 0 5 34 86 
65 3 36 45 40 5 85 5 10 21 73 90 12 17 5 0 12 77 
95 26 11 75 8 31 39 87 85 73 44 60 60 93 34 12 0 21 
95 5 97 41 46 78 1 43 70 42 84 13 65 67 86 77 21 0 
19
0 51 48 3 71 71 8 55 83 63 35 28 95 71 42 67 60 75 62 
51 0 50 15 15 43 85 37 30 100 37 79 5 51 21 89 47 68 74 
48 50 0 91 68 41 42 10 12 66 39 45 39 46 80 14 35 46 66 
3 15 91 0 90 89 12 21 41 19 56 63 18 37 59 3 12 39 55 
71 15 68 90 0 28 62 23 92 75 10 41 19 28 99 30 81 2 77 
71 43 41 89 28 0 31 12 34 93 65 17 69 46 72 65 62 29 44 
8 85 42 12 62 31 0 36 26 89 92 11 61 99 86 20 5 88 34 
55 37 10 21 23 12 36 0 73 42 58 62 41 57 86 44 41 45 58 
83 30 12 41 92 34 26 73 0 32 91 20 68 10 45 1 21 74 26 
63 100 66 19 75 93 89 42 32 0 24 10 18 86 80 76 34 61 87 
35 37 39 56 10 65 92 58 91 24 0 93 37 40 49 59 60 20 60 
28 79 45 63 41 17 11 62 20 10 93 0 59 93 40 47 86 32 52 
95 5 39 18 19 69 61 41 68 18 37 59 0 45 81 88 48 19 53 
71 51 46 37 28 46 99 57 10 86 40 93 45 0 49 54 2 57 37 
42 21 80 59 99 72 86 86 45 80 49 40 81 49 0 41 33 77 61 
67 89 14 3 30 65 20 44 1 76 59 47 88 54 41 0 30 30 37 
60 47 35 12 81 62 5 41 21 34 60 86 48 2 33 30 0 36 20 
75 68 46 39 2 29 88 45 74 61 20 32 19 57 77 30 36 0 20 
62 74 66 55 77 44 34 58 26 87 60 52 53 37 61 37 20 20 0 
20
0 21 33 66 27 77 22 80 48 13 54 73 38 64 50 94 90 37 90 86 
21 0 94 35 11 96 32 81 24 32 79 49 77 7 51 69 43 14 90 84 
33 94 0 1 84 36 56 28 99 20 40 89 95 17 13 20 28 51 24 27 
66 35 1 0 83 36 97 51 62 71 44 92 35 96 99 56 65 61 6 54 
27 11 84 83 0 43 95 21 6 67 68 69 39 88 50 45 33 59 43 42 
77 96 36 36 43 0 22 83 72 25 67 51 1 84 10 67 12 15 90 87 
22 32 56 97 95 22 0 55 74 55 95 47 75 15 9 2 7 92 36 96 
80 81 28 51 21 83 55 0 29 9 17 51 58 1 15 4 38 8 38 44 
48 24 99 62 6 72 74 29 0 85 31 82 97 47 31 42 19 2 80 90 
13 32 20 71 67 25 55 9 85 0 79 72 28 40 93 61 59 59 35 35 
54 79 40 44 68 67 95 17 31 79 0 14 73 29 49 18 7 43 51 40 
73 49 89 92 69 51 47 51 82 72 14 0 15 54 49 1 13 64 66 82 
38 77 95 35 39 1 75 58 97 28 73 15 0 73 61 25 15 16 46 6 
64 7 17 96 88 84 15 1 47 40 29 54 73 0 38 96 51 13 21 62 
50 51 13 99 50 10 9 15 31 93 49 49 61 38 0 32 76 3 73 20 
94 69 20 56 45 67 2 4 42 61 18 1 25 96 32 0 28 9 49 14 
90 43 28 65 33 12 7 38 19 59 7 13 15 51 76 28 0 46 42 20 
37 14 51 61 59 15 92 8 2 59 43 64 16 13 3 9 46 0 3 59 
90 90 24 6 43 90 36 38 80 35 51 66 46 21 73 49 42 3 0 37 
86 84 27 54 42 87 96 44 90 35 40 82 6 62 20 14 20 59 37 0 
21
0 28 47 53 71 78 98 74 56 28 99 86 48 11 65 51 75 1 6 10 54 
28 0 95 51 16 62 72 70 83 49 12 60 69 6 73 9 15 90 64 95 59 
47 95 0 66 99 65 58 34 52 69 73 3 99 78 56 40 41 94 5 59 71 
53 51 66 0 74 49 18 88 31 53 20 14 11 92 75 13 38 47 54 62 24 
71 16 99 74 0 91 96 18 1 80 22 6 29 47 1 66 8 53 37 37 63 
78 62 65 49 91 0 29 79 73 18 27 53 33 30 60 46 25 72 54 52 56 
98 72 58 18 96 29 0 46 76 38 70 54 40 43 47 54 57 91 44 75 76 
74 70 34 88 18 79 46 0 91 86 80 75 45 56 100 83 95 26 88 84 43 
56 83 52 31 1 73 76 91 0 87 54 18 90 92 47 35 53 75 22 38 79 
28 49 69 53 80 18 38 86 87 0 89 24 99 49 94 51 97 97 23 56 11 
99 12 73 20 22 27 70 80 54 89 0 98 5 100 70 34 68 44 77 87 38 
86 60 3 14 6 53 54 75 18 24 98 0 55 2 66 51 55 99 25 86 43 
48 69 99 11 29 33 40 45 90 99 5 55 0 6 62 30 32 48 83 66 27 
11 6 78 92 47 30 43 56 92 49 100 2 6 0 70 76 16 5 70 53 95 
65 73 56 75 1 60 47 100 47 94 70 66 62 70 0 11 53 79 5 95 65 
51 9 40 13 66 46 54 83 35 51 34 51 30 76 11 0 62 2 64 71 9 
75 15 41 38 8 25 57 95 53 97 68 55 32 16 53 62 0 55 3 99 60 
1 90 94 47 53 72 91 26 75 97 44 99 48 5 79 2 55 0 40 22 19 
6 64 5 54 37 54 44 88 22 23 77 25 83 70 5 64 3 40 0 95 35 
10 95 59 62 37 52 75 84 38 56 87 86 66 53 95 71 99 22 95 0 62 
54 59 71 24 63 56 76 43 79 11 38 43 27 95 65 9 60 19 35 62 0 
22
0 91 73 73 74 21 77 75 66 17 30 97 38 36 68 65 94 23 75 92 17 78 
91 0 53 65 21 43 70 94 25 79 98 81 53 18 15 12 39 4 53 89 69 44 
73 53 0 43 63 47 49 31 35 70 8 69 94 63 36 74 9 6 45 53 88 66 
73 65 43 0 59 22 22 24 27 37 69 90 97 14 65 94 95 26 23 67 40 27 
74 21 63 59 0 59 26 72 50 39 2 18 100 53 88 48 40 39 24 69 69 8 
21 43 47 22 59 0 13 45 58 90 9 83 78 92 83 15 41 91 7 34 53 95 
77 70 49 22 26 13 0 17 48 90 75 79 32 51 21 93 94 88 14 28 64 70 
75 94 31 24 72 45 17 0 61 24 60 51 47 52 85 13 32 81 82 2 61 63 
66 25 35 27 50 58 48 61 0 32 4 13 80 96 11 32 78 79 97 49 6 68 
17 79 70 37 39 90 90 24 32 0 50 45 72 66 36 63 67 96 57 83 85 44 
30 98 8 69 2 9 75 60 4 50 0 28 76 38 9 9 45 89 35 50 51 25 
97 81 69 90 18 83 79 51 13 45 28 0 15 17 48 50 72 83 42 49 65 28 
38 53 94 97 100 78 32 47 80 72 76 15 0 25 53 61 77 56 78 54 97 69 
36 18 63 14 53 92 51 52 96 66 38 17 25 0 65 13 73 14 80 76 27 64 
68 15 36 65 88 83 21 85 11 36 9 48 53 65 0 26 84 79 49 97 9 11 
65 12 74 94 48 15 93 13 32 63 9 50 61 13 26 0 33 22 1 44 94 41 
94 39 9 95 40 41 94 32 78 67 45 72 77 73 84 33 0 45 60 43 84 97 
23 4 6 26 39 91 88 81 79 96 89 83 56 14 79 22 45 0 7 74 18 75 
75 53 45 23 24 7 14 82 97 57 35 42 78 80 49 1 60 7 0 1 62 89 
92 89 53 67 69 34 28 2 49 83 50 49 54 76 97 44 43 74 1 0 55 95 
17 69 88 40 69 53 64 61 6 85 51 65 97 27 9 94 84 18 62 55 0 80 
78 44 66 27 8 95 70 63 68 44 25 28 69 64 11 41 97 75 89 95 80 0 
23
0 35 22 3 47 16 29 84 12 92 70 61 45 27 12 13 85 90 36 66 40 33 92 
35 0 6 97 65 59 18 26 74 29 95 50 67 55 19 68 90 13 9 50 30 84 26 
22 6 0 34 74 17 48 88 13 65 54 82 94 78 30 6 11 86 28 32 73 14 2 
3 97 34 0 3 52 2 52 47 18 49 4 41 94 60 45 97 93 65 89 100 97 84 
47 65 74 3 0 16 87 1 57 99 12 6 79 16 32 31 23 53 5 52 48 48 50 
16 59 17 52 16 0 88 97 2 80 52 40 70 21 75 36 58 81 47 39 82 97 25 
29 18 48 2 87 88 0 32 72 39 90 38 29 19 59 2 32 85 62 98 79 47 33 
84 26 88 52 1 97 32 0 70 95 51 26 8 55 60 31 10 11 17 87 13 46 52 
12 74 13 47 57 2 72 70 0 84 26 21 86 52 83 12 59 18 15 97 33 36 55 
92 29 65 18 99 80 39 95 84 0 86 28 53 82 4 18 14 95 19 96 36 19 34 
70 95 54 49 12 52 90 51 26 86 0 100 86 76 50 69 45 54 11 49 26 87 53 
61 50 82 4 6 40 38 26 21 28 100 0 8 65 34 70 3 20 18 6 7 9 67 
45 67 94 41 79 70 29 8 86 53 86 8 0 6 85 5 31 90 34 1 85 69 89 
27 55 78 94 16 21 19 55 52 82 76 65 6 0 49 39 93 31 27 79 26 75 98 
12 19 30 60 32 75 59 60 83 4 50 34 85 49 0 66 91 59 70 48 88 65 39 
13 68 6 45 31 36 2 31 12 18 69 70 5 39 66 0 68 11 87 30 99 56 40 
85 90 11 97 23 58 32 10 59 14 45 3 31 93 91 68 0 9 58 29 19 92 65 
90 13 86 93 53 81 85 11 18 95 54 20 90 31 59 11 9 0 98 5 26 84 65 
36 9 28 65 5 47 62 17 15 19 11 18 34 27 70 87 58 98 0 65 12 8 9 
66 50 32 89 52 39 98 87 97 96 49 6 1 79 48 30 29 5 65 0 81 38 92 
40 30 73 100 48 82 79 13 33 36 26 7 85 26 88 99 19 26 12 81 0 45 90 
33 84 14 97 48 97 47 46 36 19 87 9 69 75 65 56 92 84 8 38 45 0 13 
92 26 2 84 50 25 33 52 55 34 53 67 89 98 39 40 65 65 9 92 90 13 0 
24
0 64 87 52 35 24 34 81 28 65 22 57 51 59 32 16 19 62 86 75 15 45 96 8 
64 0 84 37 56 49 37 67 44 45 28 55 62 70 87 15 45 95 9 62 84 40 45 94 
87 84 0 60 97 98 28 60 86 28 81 40 74 58 48 97 55 60 52 69 6 63 86 7 
52 37 60 0 12 47 4 62 22 12 11 92 27 74 16 56 70 16 48 91 55 48 19 16 
35 56 97 12 0 94 60 98 92 91 86 4 90 81 27 57 72 13 84 51 12 79 88 9 
24 49 98 47 94 0 49 79 65 49 50 60 83 63 60 93 94 19 23 10 8 86 18 64 
34 37 28 4 60 49 0 41 38 93 97 100 37 81 58 94 47 55 70 2 48 34 31 91 
81 67 60 62 98 79 41 0 69 77 72 38 55 53 19 77 35 45 66 11 54 14 97 91 
28 44 86 22 92 65 38 69 0 100 71 30 43 65 91 64 95 36 50 22 40 69 29 99 
65 45 28 12 91 49 93 77 100 0 8 38 1 36 45 39 88 44 23 53 25 57 10 27 
22 28 81 11 86 50 97 72 71 8 0 66 35 53 65 30 2 43 52 11 6 71 63 8 
57 55 40 92 4 60 100 38 30 38 66 0 88 93 92 73 62 40 26 66 34 15 29 36 
51 62 74 27 90 83 37 55 43 1 35 88 0 28 64 71 10 22 16 22 86 43 72 31 
59 70 58 74 81 63 81 53 65 36 53 93 28 0 66 94 51 40 74 81 93 31 98 23 
32 87 48 16 27 60 58 19 91 45 65 92 64 66 0 48 91 6 44 78 71 42 35 54 
16 15 97 56 57 93 94 77 64 39 30 73 71 94 48 0 10 56 32 20 68 71 94 51 
19 45 55 70 72 94 47 35 95 88 2 62 10 51 91 10 0 49 77 95 25 98 48 100 
62 95 60 16 13 19 55 45 36 44 43 40 22 40 6 56 49 0 7 89 48 63 72 87 
86 9 52 48 84 23 70 66 50 23 52 26 16 74 44 32 77 7 0 85 43 59 59 44 
75 62 69 91 51 10 2 11 22 53 11 66 22 81 78 20 95 89 85 0 56 79 5 87 
15 84 6 55 12 8 48 54 40 25 6 34 86 93 71 68 25 48 43 56 0 53 82 92 
45 40 63 48 79 86 34 14 69 57 71 15 43 31 42 71 98 63 59 79 53 0 70 22 
96 45 86 19 88 18 31 97 29 10 63 29 72 98 35 94 48 72 59 5 82 70 0 58 
8 94 7 16 9 64 91 91 99 27 8 36 31 23 54 51 100 87 44 87 92 22 58 0 
