3
0 67 72 
67 0 4 
72 4 0 
4
0 52 51 99 
52 0 98 75 
51 98 0 60 
99 75 60 0 
5
0 11 35 80 52 
11 0 28 53 64 
35 28 0 5 82 
80 53 5 0 59 
52 64 82 59 0 
6
0 86 57 86 39 85 
86 0 20 33 42 82 
57 20 0 61 95 43 
86 33 61 0 19 18 
39 42 95 19 0 10 
85 82 43 18 10 0 
7
0 28 28 4 3 25 49 
28 0 15 24 11 91 61 
28 15 0 16 94 31 46 
4 24 16 0 57 30 22 
3 11 94 57 0 22 50 
25 91 31 30 22 0 47 
49 61 46 22 50 47 0 
8
0 14 82 29 62 66 24 98 
14 0 76 16 15 77 85 66 
82 76 0 59 96 74 50 58 
29 16 59 0 13 11 34 50 
62 15 96 13 0 79 18 85 
66 77 74 11 79 0 99 68 
24 85 50 34 18 99 0 30 
98 66 58 50 85 68 30 0 
9
0 36 85 7 70 52 87 56 34 
36 0 55 34 38 22 40 76 73 
85 55 0 41 70 3 49 28 48 
7 34 41 0 50 77 52 15 3 
70 38 70 50 0 10 81 63 29 
52 22 3 77 10 0 46 34 58 
87 40 49 52 81 46 0 98 72 
56 76 28 15 63 34 98 0 63 
34 73 48 3 29 58 72 63 0 
10
0 46 94 46 98 12 100 35 79 2 
46 0 12 54 14 67 60 12 29 96 
94 12 0 93 65 20 56 60 81 83 
46 54 93 0 83 21 82 51 28 47 
98 14 65 83 0 78 33 40 82 81 
12 67 20 21 78 0 58 96 78 18 
100 60 56 82 33 58 0 91 19 61 
35 12 60 51 40 96 91 0 55 3 
79 29 81 28 82 78 19 55 0 44 
2 96 83 47 81 18 61 3 44 0 
11
0 24 16 34 65 40 52 6 62 19 80 
24 0 91 50 5 94 31 48 76 84 57 
16 91 0 21 72 92 65 75 45 40 59 
34 50 21 0 36 96 22 41 20 96 59 
65 5 72 36 0 94 53 15 77 97 93 
40 94 92 96 94 0 80 40 53 68 5 
52 31 65 22 53 80 0 69 5 92 95 
6 48 75 41 15 40 69 0 91 70 25 
62 76 45 20 77 53 5 91 0 95 4 
19 84 40 96 97 68 92 70 95 0 77 
80 57 59 59 93 5 95 25 4 77 0 
12
0 42 96 1 31 57 71 57 92 4 17 85 
42 0 89 22 75 71 80 40 72 63 47 30 
96 89 0 15 2 10 4 77 96 90 62 96 
1 22 15 0 10 19 3 36 44 11 96 16 
31 75 2 10 0 5 67 87 92 74 89 75 
57 71 10 19 5 0 73 16 78 1 86 46 
71 80 4 3 67 73 0 21 59 57 31 51 
57 40 77 36 87 16 21 0 63 42 41 56 
92 72 96 44 92 78 59 63 0 61 61 99 
4 63 90 11 74 1 57 42 61 0 16 29 
17 47 62 96 89 86 31 41 61 16 0 96 
85 30 96 16 75 46 51 56 99 29 96 0 
13
0 11 2 3 10 81 50 72 18 34 14 72 73 
11 0 65 18 97 53 90 66 25 11 84 99 42 
2 65 0 14 12 35 30 2 16 14 84 15 84 
3 18 14 0 89 40 67 47 54 62 51 52 11 
10 97 12 89 0 83 48 52 15 69 44 92 8 
81 53 35 40 83 0 62 91 2 77 29 8 36 
50 90 30 67 48 62 0 46 55 82 34 97 75 
72 66 2 47 52 91 46 0 46 60 24 77 18 
18 25 16 54 15 2 55 46 0 2 28 80 53 
34 11 14 62 69 77 82 60 2 0 78 86 83 
14 84 84 51 44 29 34 24 28 78 0 64 49 
72 99 15 52 92 8 97 77 80 86 64 0 72 
73 42 84 11 8 36 75 18 53 83 49 72 0 
14
0 2 62 24 98 73 40 25 3 60 30 25 59 3 
2 0 49 73 51 19 92 97 40 80 41 22 90 91 
62 49 0 41 52 50 54 38 52 1 59 2 77 58 
24 73 41 0 75 86 10 58 61 37 34 84 20 11 
98 51 52 75 0 41 14 51 46 22 37 28 11 86 
73 19 50 86 41 0 74 88 41 69 49 54 20 10 
40 92 54 10 14 74 0 74 23 61 26 39 58 81 
25 97 38 58 51 88 74 0 8 38 46 24 84 33 
3 40 52 61 46 41 23 8 0 60 41 27 31 28 
60 80 1 37 22 69 61 38 60 0 59 8 76 43 
30 41 59 34 37 49 26 46 41 59 0 7 48 44 
25 22 2 84 28 54 39 24 27 8 7 0 81 51 
59 90 77 20 11 20 58 84 31 76 48 81 0 51 
3 91 58 11 86 10 81 33 28 43 44 51 51 0 
15
0 99 85 14 68 70 2 19 58 88 79 9 62 62 80 
99 0 89 83 52 80 12 24 27 26 99 51 90 99 76 
85 89 0 56 5 85 76 13 52 6 51 50 34 77 52 
14 83 56 0 68 91 9 5 1 19 21 44 59 25 2 
68 52 5 68 0 20 27 24 26 16 34 55 65 93 35 
70 80 85 91 20 0 39 39 6 44 17 31 12 35 1 
2 12 76 9 27 39 0 89 85 66 39 63 22 22 80 
19 24 13 5 24 39 89 0 2 70 28 90 2 97 7 
58 27 52 1 26 6 85 2 0 70 45 78 94 58 6 
88 26 6 19 16 44 66 70 70 0 40 64 26 77 43 
79 99 51 21 34 17 39 28 45 40 0 68 1 76 31 
9 51 50 44 55 31 63 90 78 64 68 0 36 75 25 
62 90 34 59 65 12 22 2 94 26 1 36 0 15 67 
62 99 77 25 93 35 22 97 58 77 76 75 15 0 29 
80 76 52 2 35 1 80 7 6 43 31 25 67 29 0 
16
0 40 88 50 99 63 1 74 57 28 33 98 25 62 97 90 
40 0 73 82 62 43 76 70 85 11 55 67 69 51 24 84 
88 73 0 93 42 55 61 53 24 37 19 17 88 43 10 56 
50 82 93 0 69 67 49 9 98 47 39 35 48 20 52 67 
99 62 42 69 0 86 78 6 51 30 13 41 63 86 81 52 
63 43 55 67 86 0 61 65 20 44 1 35 44 12 32 50 
1 76 61 49 78 61 0 14 8 16 85 38 72 77 69 22 
74 70 53 9 6 65 14 0 15 37 7 27 38 15 55 58 
57 85 24 98 51 20 8 15 0 20 10 7 55 18 13 82 
28 11 37 47 30 44 16 37 20 0 25 25 40 77 70 97 
33 55 19 39 13 1 85 7 10 25 0 92 94 81 38 6 
98 67 17 35 41 35 38 27 7 25 92 0 76 30 29 41 
25 69 88 48 63 44 72 38 55 40 94 76 0 20 15 50 
62 51 43 20 86 12 77 15 18 77 81 30 20 0 11 69 
97 24 10 52 81 32 69 55 13 70 38 29 15 11 0 82 
90 84 56 67 52 50 22 58 82 97 6 41 50 69 82 0 
17
0 76 98 69 18 77 62 49 72 47 23 17 49 85 82 25 4 
76 0 4 49 2 1 91 54 80 32 30 8 8 16 37 6 51 
98 4 0 73 58 65 78 28 37 93 83 84 17 55 78 80 20 
69 49 73 0 60 44 12 15 27 30 86 66 94 5 11 84 12 
18 2 58 60 0 10 26 15 23 4 8 36 26 38 75 4 53 
77 1 65 44 10 0 53 21 8 14 48 95 27 56 15 36 71 
62 91 78 12 26 53 0 22 79 73 40 60 32 27 35 45 3 
49 54 28 15 15 21 22 0 51 59 58 17 90 59 29 98 15 
72 80 37 27 23 8 79 51 0 91 92 61 90 36 77 53 77 
47 32 93 30 4 14 73 59 91 0 36 70 52 16 100 25 82 
23 30 83 86 8 48 40 58 92 36 0 46 32 10 56 41 83 
17 8 84 66 36 95 60 17 61 70 46 0 18 67 54 46 42 
49 8 17 94 26 27 32 90 90 52 32 18 0 54 61 7 53 
85 16 55 5 38 56 27 59 36 16 10 67 54 0 78 42 5 
82 37 78 11 75 15 35 29 77 100 56 54 61 78 0 9 40 
25 6 80 84 4 36 45 98 53 25 41 46 7 42 9 0 23 
4 51 20 12 53 71 3 15 77 82 83 42 53 5 40 23 0 
18
0 52 18 42 62 93 39 54 32 11 33 44 92 20 39 66 24 3 
52 0 16 8 79 38 12 49 77 38 33 45 40 84 10 24 39 52 
18 16 0 66 8 100 73 15 89 54 8 16 60 73 72 67 19 43 
42 8 66 0 22 53 23 23 74 77 72 95 43 57 10 46 27 16 
62 79 8 22 0 19 62 71 7 11 33 85 53 19 89 27 48 53 
93 38 100 53 19 0 52 66 47 19 64 63 88 41 1 80 84 77 
39 12 73 23 62 52 0 59 62 69 54 75 80 62 50 6 89 13 
54 49 15 23 71 66 59 0 65 84 62 43 4 68 65 37 61 31 
32 77 89 74 7 47 62 65 0 11 68 95 90 73 59 84 59 1 
11 38 54 77 11 19 69 84 11 0 87 26 17 21 83 43 94 3 
33 33 8 72 33 64 54 62 68 87 0 50 60 98 45 99 32 78 
44 45 16 95 85 63 75 43 95 26 50 0 81 16 98 39 38 97 
92 40 60 43 53 88 80 4 90 17 60 81 0 69 71 43 59 91 
20 84 73 57 19 41 62 68 73 21 98 16 69 0 98 32 15 52 
39 10 72 10 89 1 50 65 59 83 45 98 71 98 0 82 100 70 
66 24 67 46 27 80 6 37 84 43 99 39 43 32 82 0 65 63 
24 39 19 27 48 84 89 61 59 94 32 38 59 15 100 65 0 30 
3 52 43 16 53 77 13 31 1 3 78 97 91 52 70 63 30 0 
19
0 7 19 76 27 24 88 29 44 91 17 28 2 85 77 2 27 14 76 
7 0 71 60 87 5 78 46 43 3 51 39 92 65 81 53 19 21 38 
19 71 0 82 19 43 87 70 70 41 15 29 97 13 12 60 33 85 38 
76 60 82 0 40 96 6 56 97 71 72 69 27 21 4 45 86 54 85 
27 87 19 40 0 57 66 12 64 8 82 69 46 72 6 98 48 87 52 
24 5 43 96 57 0 80 73 97 38 46 23 18 41 13 57 63 57 11 
88 78 87 6 66 80 0 58 59 26 67 97 59 81 50 5 41 7 69 
29 46 70 56 12 73 58 0 73 38 28 86 2 25 3 44 68 83 87 
44 43 70 97 64 97 59 73 0 65 77 97 73 57 89 30 50 11 21 
91 3 41 71 8 38 26 38 65 0 78 28 80 39 59 15 53 83 17 
17 51 15 72 82 46 67 28 77 78 0 93 96 46 20 88 7 12 20 
28 39 29 69 69 23 97 86 97 28 93 0 4 82 30 46 68 63 47 
2 92 97 27 46 18 59 2 73 80 96 4 0 4 28 73 69 13 58 
85 65 13 21 72 41 81 25 57 39 46 82 4 0 95 93 34 71 43 
77 81 12 4 6 13 50 3 89 59 20 30 28 95 0 95 35 87 75 
2 53 60 45 98 57 5 44 30 15 88 46 73 93 95 0 24 36 55 
27 19 33 86 48 63 41 68 50 53 7 68 69 34 35 24 0 88 17 
14 21 85 54 87 57 7 83 11 83 12 63 13 71 87 36 88 0 98 
76 38 38 85 52 11 69 87 21 17 20 47 58 43 75 55 17 98 0 
20
0 51 8 36 27 2 32 97 12 91 32 84 24 3 14 68 22 82 96 27 
51 0 4 11 21 90 80 72 52 85 96 23 58 79 5 49 29 71 95 61 
8 4 0 15 91 2 9 11 21 58 83 5 87 8 41 42 71 40 93 81 
36 11 15 0 12 77 79 24 87 74 46 3 88 64 84 98 36 21 99 94 
27 21 91 12 0 98 50 72 17 2 25 63 82 81 30 38 91 46 77 84 
2 90 2 77 98 0 82 100 100 99 84 74 56 51 47 3 87 44 33 4 
32 80 9 79 50 82 0 33 66 13 98 70 35 37 37 28 63 4 13 32 
97 72 11 24 72 100 33 0 19 74 77 95 42 73 8 97 7 58 94 92 
12 52 21 87 17 100 66 19 0 2 78 48 78 46 76 47 69 98 83 31 
91 85 58 74 2 99 13 74 2 0 36 57 53 77 24 81 71 26 8 3 
32 96 83 46 25 84 98 77 78 36 0 10 71 17 46 17 58 7 69 41 
84 23 5 3 63 74 70 95 48 57 10 0 14 24 87 27 47 100 24 23 
24 58 87 88 82 56 35 42 78 53 71 14 0 23 100 79 71 84 69 55 
3 79 8 64 81 51 37 73 46 77 17 24 23 0 8 82 99 39 74 56 
14 5 41 84 30 47 37 8 76 24 46 87 100 8 0 19 30 95 22 57 
68 49 42 98 38 3 28 97 47 81 17 27 79 82 19 0 44 16 33 49 
22 29 71 36 91 87 63 7 69 71 58 47 71 99 30 44 0 32 49 93 
82 71 40 21 46 44 4 58 98 26 7 100 84 39 95 16 32 0 77 48 
96 95 93 99 77 33 13 94 83 8 69 24 69 74 22 33 49 77 0 37 
27 61 81 94 84 4 32 92 31 3 41 23 55 56 57 49 93 48 37 0 
21
0 87 2 22 48 5 62 91 69 49 91 15 75 65 43 62 62 19 40 39 74 
87 0 14 7 53 45 83 73 45 33 24 51 25 75 54 22 1 20 86 89 99 
2 14 0 66 44 100 53 77 87 66 88 49 5 88 71 36 41 64 25 60 2 
22 7 66 0 1 44 8 8 8 41 33 85 49 74 70 99 3 25 65 99 39 
48 53 44 1 0 65 83 5 65 72 76 65 33 65 9 1 69 64 39 6 92 
5 45 100 44 65 0 27 4 38 38 60 27 16 29 54 38 84 27 64 59 43 
62 83 53 8 83 27 0 2 49 98 1 86 54 22 85 99 56 64 100 69 36 
91 73 77 8 5 4 2 0 34 52 46 5 6 22 81 39 18 91 63 4 90 
69 45 87 8 65 38 49 34 0 65 53 32 63 71 96 94 27 13 67 17 78 
49 33 66 41 72 38 98 52 65 0 15 82 38 53 95 76 57 21 83 58 56 
91 24 88 33 76 60 1 46 53 15 0 61 47 21 4 92 100 5 26 49 1 
15 51 49 85 65 27 86 5 32 82 61 0 17 80 38 60 59 30 53 19 40 
75 25 5 49 33 16 54 6 63 38 47 17 0 23 53 55 50 67 76 54 60 
65 75 88 74 65 29 22 22 71 53 21 80 23 0 100 90 23 78 10 71 7 
43 54 71 70 9 54 85 81 96 95 4 38 53 100 0 85 11 72 98 68 100 
62 22 36 99 1 38 99 39 94 76 92 60 55 90 85 0 3 57 99 73 69 
62 1 41 3 69 84 56 18 27 57 100 59 50 23 11 3 0 2 95 83 59 
19 20 64 25 64 27 64 91 13 21 5 30 67 78 72 57 2 0 42 61 57 
40 86 25 65 39 64 100 63 67 83 26 53 76 10 98 99 95 42 0 9 1 
39 89 60 99 6 59 69 4 17 58 49 19 54 71 68 73 83 61 9 0 100 
74 99 2 39 92 43 36 90 78 56 1 40 60 7 100 69 59 57 1 100 0 
22
0 7 9 84 22 78 56 94 83 43 67 88 25 32 9 7 64 8 62 24 81 68 
7 0 59 38 57 35 83 66 31 95 19 53 48 92 80 49 75 2 63 82 6 31 
9 59 0 67 63 46 82 49 71 27 91 64 54 19 59 5 2 17 4 20 92 52 
84 38 67 0 88 71 35 79 42 17 98 63 31 49 53 9 45 67 90 47 78 24 
22 57 63 88 0 64 24 93 2 62 31 43 54 46 36 47 100 78 12 61 10 98 
78 35 46 71 64 0 57 45 74 91 88 9 99 89 98 26 54 97 87 2 96 66 
56 83 82 35 24 57 0 63 39 42 89 2 20 39 6 2 66 92 45 4 92 41 
94 66 49 79 93 45 63 0 48 17 39 3 95 78 56 44 53 33 64 92 13 58 
83 31 71 42 2 74 39 48 0 63 71 97 39 34 62 11 1 40 79 23 59 91 
43 95 27 17 62 91 42 17 63 0 93 43 72 73 41 37 75 36 10 77 56 30 
67 19 91 98 31 88 89 39 71 93 0 84 27 60 12 33 40 96 17 8 51 48 
88 53 64 63 43 9 2 3 97 43 84 0 71 17 84 5 44 78 97 48 31 6 
25 48 54 31 54 99 20 95 39 72 27 71 0 80 92 48 22 42 73 72 19 45 
32 92 19 49 46 89 39 78 34 73 60 17 80 0 91 58 52 76 81 21 13 37 
9 80 59 53 36 98 6 56 62 41 12 84 92 91 0 33 79 4 20 86 97 55 
7 49 5 9 47 26 2 44 11 37 33 5 48 58 33 0 94 56 94 55 32 80 
64 75 2 45 100 54 66 53 1 75 40 44 22 52 79 94 0 74 29 42 90 40 
8 2 17 67 78 97 92 33 40 36 96 78 42 76 4 56 74 0 14 21 83 12 
62 63 4 90 12 87 45 64 79 10 17 97 73 81 20 94 29 14 0 74 29 98 
24 82 20 47 61 2 4 92 23 77 8 48 72 21 86 55 42 21 74 0 92 68 
81 6 92 78 10 96 92 13 59 56 51 31 19 13 97 32 90 83 29 92 0 61 
68 31 52 24 98 66 41 58 91 30 48 6 45 37 55 80 40 12 98 68 61 0 
23
0 94 37 20 41 73 51 15 19 48 28 37 47 16 19 8 78 44 9 24 35 31 30 
94 0 37 60 88 76 3 52 72 60 93 72 27 63 17 85 47 42 4 94 51 11 32 
37 37 0 65 46 79 43 16 90 11 25 74 64 10 92 4 79 15 14 59 88 32 34 
20 60 65 0 98 41 4 94 65 33 19 19 63 62 68 96 34 26 14 5 3 37 15 
41 88 46 98 0 15 24 9 18 93 66 65 8 63 28 50 58 22 24 13 50 67 9 
73 76 79 41 15 0 71 71 10 29 91 60 7 11 5 83 25 33 42 18 36 28 13 
51 3 43 4 24 71 0 28 58 14 90 33 31 57 74 92 59 26 90 7 98 89 35 
15 52 16 94 9 71 28 0 19 56 7 46 36 44 32 50 38 48 97 91 54 8 11 
19 72 90 65 18 10 58 19 0 18 79 46 9 66 12 64 20 86 39 63 25 38 94 
48 60 11 33 93 29 14 56 18 0 23 48 44 16 94 20 33 95 58 91 43 49 46 
28 93 25 19 66 91 90 7 79 23 0 97 59 78 21 14 79 95 82 36 63 51 81 
37 72 74 19 65 60 33 46 46 48 97 0 88 92 88 88 6 26 56 10 14 68 89 
47 27 64 63 8 7 31 36 9 44 59 88 0 40 1 98 59 30 32 30 71 72 63 
16 63 10 62 63 11 57 44 66 16 78 92 40 0 81 68 48 84 86 86 100 54 14 
19 17 92 68 28 5 74 32 12 94 21 88 1 81 0 52 10 84 80 77 20 93 49 
8 85 4 96 50 83 92 50 64 20 14 88 98 68 52 0 72 65 4 50 46 11 26 
78 47 79 34 58 25 59 38 20 33 79 6 59 48 10 72 0 4 82 80 82 41 13 
44 42 15 26 22 33 26 48 86 95 95 26 30 84 84 65 4 0 20 45 63 57 95 
9 4 14 14 24 42 90 97 39 58 82 56 32 86 80 4 82 20 0 28 11 26 39 
24 94 59 5 13 18 7 91 63 91 36 10 30 86 77 50 80 45 28 0 91 78 8 
35 51 88 3 50 36 98 54 25 43 63 14 71 100 20 46 82 63 11 91 0 70 96 
31 11 32 37 67 28 89 8 38 49 51 68 72 54 93 11 41 57 26 78 70 0 74 
30 32 34 15 9 13 35 11 94 46 81 89 63 14 49 26 13 95 39 8 96 74 0 
24
0 81 39 36 7 74 10 39 75 68 61 61 2 9 83 84 64 89 13 65 37 34 59 5 
81 0 49 18 88 77 55 19 24 55 43 11 96 58 76 96 56 63 49 53 21 82 49 46 
39 49 0 9 48 83 44 35 52 70 2 64 20 9 29 58 81 78 84 63 51 23 68 13 
36 18 9 0 17 82 60 47 32 23 86 23 6 65 65 60 8 24 42 69 13 91 53 32 
7 88 48 17 0 51 35 35 69 98 4 81 60 4 2 67 56 39 5 22 70 26 98 52 
74 77 83 82 51 0 47 19 22 31 14 21 18 67 73 11 3 22 66 11 30 11 50 64 
10 55 44 60 35 47 0 1 94 58 52 60 13 98 26 62 51 10 35 12 47 65 22 90 
39 19 35 47 35 19 1 0 79 91 67 15 26 21 74 91 73 93 76 84 93 72 78 99 
75 24 52 32 69 22 94 79 0 65 96 73 43 86 26 63 20 89 42 55 97 38 13 3 
68 55 70 23 98 31 58 91 65 0 63 71 13 4 47 53 24 64 32 26 48 7 91 8 
61 43 2 86 4 14 52 67 96 63 0 29 12 27 11 37 43 12 95 12 5 29 66 64 
61 11 64 23 81 21 60 15 73 71 29 0 29 15 20 29 79 67 85 16 76 57 99 23 
2 96 20 6 60 18 13 26 43 13 12 29 0 67 11 22 36 70 25 42 45 49 98 22 
9 58 9 65 4 67 98 21 86 4 27 15 67 0 22 9 51 84 57 36 58 23 68 92 
83 76 29 65 2 73 26 74 26 47 11 20 11 22 0 16 39 18 89 71 100 100 57 79 
84 96 58 60 67 11 62 91 63 53 37 29 22 9 16 0 70 65 4 87 52 43 7 22 
64 56 81 8 56 3 51 73 20 24 43 79 36 51 39 70 0 35 9 4 98 91 91 52 
89 63 78 24 39 22 10 93 89 64 12 67 70 84 18 65 35 0 92 66 77 95 18 74 
13 49 84 42 5 66 35 76 42 32 95 85 25 57 89 4 9 92 0 32 28 71 90 51 
65 53 63 69 22 11 12 84 55 26 12 16 42 36 71 87 4 66 32 0 7 14 9 84 
37 21 51 13 70 30 47 93 97 48 5 76 45 58 100 52 98 77 28 7 0 19 34 75 
34 82 23 91 26 11 65 72 38 7 29 57 49 23 100 43 91 95 71 14 19 0 41 50 
59 49 68 53 98 50 22 78 13 91 66 99 98 68 57 7 91 18 90 9 34 41 0 90 
5 46 13 32 52 64 90 99 3 8 64 23 22 92 79 22 52 74 51 84 75 50 90 0 
